[[5 0 3 3 7 9 3 5 2 4]
 [7 6 8 8 1 6 7 7 8 1]
 [5 9 8 9 4 3 0 3 5 0]
 [2 3 8 1 3 3 3 7 0 1]
 [9 9 0 4 7 3 2 7 2 0]
 [0 4 5 5 6 8 4 1 4 9]
 [8 1 1 7 9 9 3 6 7 2]
 [0 3 5 9 4 4 6 4 4 3]
 [4 4 8 4 3 7 5 5 0 1]
 [5 9 3 0 5 0 1 2 4 2]]
           @           
[[0 3 2 0 7 5 9 0 2 7]
 [2 9 2 3 3 2 3 4 1 2]
 [9 1 4 6 8 2 3 0 0 6]
 [0 6 3 3 8 8 8 2 3 2]
 [0 8 8 3 8 2 8 4 3 0]
 [4 3 6 9 8 0 8 5 9 0]
 [9 6 5 3 1 8 0 4 9 6]
 [5 7 8 8 9 2 8 6 6 9]
 [1 6 8 8 3 2 3 6 3 6]
 [5 7 0 8 4 6 5 8 2 3]]
           =           
[[145 216 218 235 284 134 274 166 194 147]
 [222 307 282 297 349 228 318 204 235 286]
 [128 253 203 214 304 156 267 133 126 179]
 [166 159 163 170 220  98 174 107 124 157]
 [ 90 273 210 169 280 146 282 154 162 179]
 [182 266 204 279 265 174 247 214 190 135]
 [123 298 288 270 353 183 363 206 243 200]
 [169 243 212 221 254 180 223 171 181 163]
 [192 201 192 209 277 140 232 138 180 176]
 [ 84 199 136 133 165  99 159 119  77 130]]